138
44
766
455
228
381
744
83
985
870
499
663
899
592
422
505
244
550
858
706
12
527
878
570
473
39
125
928
651
766
671
669
842
163
1
356
986
670
280
483
599
967
434
179
575
424
794
342
967
885
272
259
319
998
931
846
756
271
410
826
299
995
223
485
701
830
981
8
853
253
712
266
801
964
418
712
808
627
70
428
435
400
717
880
399
477
861
934
784
859
500
588
727
271
202
31
970
673
937
958
168
223
840
794
82
945
677
920
292
422
516
547
451
856
579
701
414
340
854
273
291
394
560
3
454
453
160
771
691
688
550
521
125
603
727
399
641
250
788
